334.49
302.99
294.57
296.5
292.48
291.99
311.01
298.64
303.99
309.7
305.0
287.01
304.08
291.78
303.02
421.7
508.7
635.97
855.28
1000.0
1118.99
1124.81
851.15
835.89
867.98
813.11
559.17
485.0
415.01
672.0
779.0
748.99
579.0
524.11
517.95
462.09
454.09
432.48
449.78
450.05
479.28
456.23
317.51
228.53
210.68
191.58
214.39
196.96
199.96
210.77
122.9
91.0
93.26
147.6
110.42
132.1
136.81
133.52
137.27
135.37
140.92
134.85
139.45
164.07
172.64
168.59
168.06
243.64
270.53
254.56
261.15
311.05
311.97
289.23
225.38
212.48
216.31
210.53
202.28
173.03
178.05
201.29
180.24
170.1
179.85
174.47
181.5
183.13
182.18
183.74
188.96
184.98
188.11
184.92
150.72
132.73
132.09
140.72
142.38
168.07
175.64
267.85
282.61
258.45
244.88
199.43
136.3
156.29
172.29
206.48
207.0
198.74
220.21
241.94
243.13
232.5
241.6
239.5
245.59
379.34
438.11
421.95
428.94
381.4
373.63
371.04
353.92
345.6
352.37
340.75
350.95
365.5
378.11
368.52
390.38
403.45
402.49
448.08
482.15
471.25
510.12
519.83
616.66
567.24
637.18
607.58
685.11
1087.01
1365.36
1110.96
1392.51
1317.88
1365.97
1239.03
1511.87
1800.42
1939.61
1913.0
1650.35
1793.48
1816.74
1963.47
2133.49
2235.64
2532.6
3717.91
2884.94
2412.1
2706.15
2507.23
2580.77
2367.89
1982.28
2146.99
1995.5
